Run semi-empirical minimization
 &qmmm
    qm_theory='AM1', grms_tol=0.0005,
 scfconv=1.d-10, ndiis_attempts=700,   qmcharge=1,
 /
   6    C1        1.4980       -0.3660        0.0500 
   6    C2        0.6470       -1.4000        0.0360 
   6    C3       -0.6910       -1.3790       -0.0050 
   6    C4       -1.5080       -0.3200       -0.0430 
   6    C5       -1.1900        0.9800       -0.0480 
   6    C6        0.0240        1.5420       -0.0170 
   6    C7        1.2200        0.9430        0.0270 
   1    H1        2.5570       -0.6250        0.0860 
   1    H2        1.1050       -2.3900        0.0620 
   1    H3       -1.1790       -2.3550       -0.0090 
   1    H4       -2.5760       -0.5470       -0.0730 
   1    H5       -2.0330        1.6730       -0.0820 
   1    H6        0.0410        2.6340       -0.0290 
   1    H7        2.0840        1.6110        0.0450 

